%YAML:1.0
---
IntrinsicParameters_fx: 1.8133723144531250e+03
IntrinsicParameters_fy: 1.8104567871093750e+03
IntrinsicParameters_u0: 7.2068243408203125e+02
IntrinsicParameters_v0: 5.5575854492187500e+02
DistortionFactor_k1: -1.0287012904882431e-01
DistortionFactor_k2: 4.7102910280227661e-01
DistortionFactor_p1: -1.7599905550014228e-04
DistortionFactor_p2: -2.8243704582564533e-04
DistortionFactor_k3: -1.1573969125747681e+00
